id,user_id,product_id,activity_type,activity_timestamp,product_category_id,activity_duration,category_filter,top_category1,top_category2,top_category3,search_filter,min_price_filter,max_price_filter
1,2,,browse,1729775644452,,3.0,,,,,,,
2,2,,browse,1729775647056,,2.0,,,,,,,
3,2,,browse,1729775648971,,1.0,,,,,,,
4,2,,browse,1729775912714,,2.0,,,,,,,
5,2,,browse,1729775914816,,2.0,,,,,,,
6,2,,browse,1729775917347,,2.0,,,,,,,
7,2,,browse,1729776161794,,2.0,,,,,,,
8,2,,browse,1729776164470,,2.0,,,,,,,
9,2,,browse,1729776165967,,1.0,,,,,,,
10,2,,browse,1729776915739,,3.0,,,,,,,
11,2,,browse,1729776921396,,5.0,,,,,,,
12,2,,browse,1729776923936,,2.0,,,,,,,
13,2,,browse,1729777213832,,4.0,,,,,,,
14,2,,browse,1729777215826,,1.0,,,,,,,
15,2,,browse,1729777222007,,6.0,,,,,,,
16,2,,browse,1729778033618,,4.0,,,,,,,
17,2,,browse,1729778558827,,5.0,,,,,,,
18,2,,browse,1729778562787,,3.0,,,,,,,
19,2,,browse,1729778811207,,4.0,8,,,,,,
20,2,,browse,1729778815206,,3.0,7,,,,,,
21,2,,browse,1729778817825,,2.0,,,,,,,
22,2,,browse,1729778821022,,3.0,,,,,,,
23,2,,browse,1729778860795,,3.0,8,,,,,,
24,2,,browse,1729779161370,,4.0,,,,,,20.0,
25,2,,browse,1729779165067,,3.0,,,,,,,35.0
26,2,,browse,1729779168027,,2.0,1,,,,,,
27,2,,browse,1729779214899,,46.0,,,,,,,
28,2,,browse,1729780360051,,4.0,7,1,3,9,,20.0,
29,2,,browse,1729780368723,,8.0,8,1,3,9,,20.0,50.0
30,2,,browse,1729780371316,,2.0,,1,3,9,,,
31,2,,browse,1729780973369,,0.0,,1,3,9,books,,
32,2,,browse,1729780976005,,2.0,,1,3,9,,,
33,2,,browse,1729780978889,,0.0,,1,3,9,book,,
34,2,,browse,1729781016422,,37.0,8,1,3,9,,,
35,2,,browse,1729781023049,,6.0,,1,3,9,,,
36,2,,browse,1729781024683,,1.0,,1,3,9,,,
37,2,,browse,1729785111959,,1.0,,1,3,9,,,
38,2,,browse,1729785142123,,1.0,,1,3,9,,,
39,2,,browse,1729785150003,,1.0,,1,3,9,,,
40,2,,browse,1729785396923,,0.0,,1,3,9,,,
41,2,2.0,browse,1729785399305,3.0,2.0,,1,3,9,,,
42,2,2.0,view,1729785399310,3.0,2.0,,1,3,9,,,
43,2,2.0,browse,1729785400074,3.0,0.0,,1,3,9,,,
44,2,2.0,view,1729785400082,3.0,0.0,,1,3,9,,,
45,2,,browse,1729785476295,,1.0,,1,3,9,,,
46,2,4.0,browse,1729785480620,3.0,4.0,,1,3,9,,,
47,2,4.0,view,1729785480626,3.0,4.0,,1,3,9,,,
48,2,,browse,1729785529392,,1.0,,1,3,9,,,
49,2,6.0,browse,1729785532563,1.0,3.0,,1,3,9,,,
50,2,6.0,view,1729785532572,1.0,3.0,,1,3,9,,,
51,2,6.0,browse,1729785534149,1.0,1.0,,1,3,9,,,
52,2,6.0,view,1729785534175,1.0,1.0,,1,3,9,,,
53,2,,browse,1729785682183,,0.0,,1,3,9,,,
54,2,2.0,browse,1729785683364,3.0,1.0,,1,3,9,,,
55,2,2.0,view,1729785683370,3.0,1.0,,1,3,9,,,
56,2,,browse,1729785743390,,0.0,,1,3,9,,,
57,2,2.0,browse,1729785744325,3.0,0.0,,1,3,9,,,
58,2,2.0,view,1729785744332,3.0,0.0,,1,3,9,,,
59,2,,browse,1729786132445,,0.0,,1,3,9,,,
60,2,,browse,1729786140653,,1.0,,1,3,9,,,
61,5,,browse,1729786189261,,0.0,,,,,,,
62,5,,browse,1729786200328,,3.0,,,,,,,
63,5,,browse,1729786333971,,4.0,2,,,,,,
64,5,,browse,1729786340052,,6.0,4,,,,,10.0,
65,5,,browse,1729786346857,,6.0,,,,,,20.0,50.0
66,5,,browse,1729786349245,,2.0,,,,,,,
67,5,,browse,1729786398432,,0.0,,1,4,9,,,
68,2,,browse,1729786414989,,0.0,,1,3,9,,,
69,2,,browse,1729786482111,,0.0,,1,3,9,,,
70,2,,browse,1729786517420,,0.0,,1,3,9,,,
71,2,,browse,1729786559220,,38.0,,1,3,9,,,
72,2,,browse,1729786559853,,0.0,,1,3,9,,,
73,2,,browse,1729786560259,,0.0,,1,3,9,,,
74,2,,browse,1729786560508,,0.0,,1,3,9,,,
75,2,,browse,1729786621062,,60.0,,1,3,9,,,
76,2,,browse,1729786650357,,3.0,,1,3,9,,,
77,2,,browse,1729786659459,,1.0,,1,3,9,,,
78,2,,browse,1729786736243,,0.0,,1,3,9,,,
79,5,,browse,1729786793550,,0.0,,1,4,9,,,
80,5,2.0,browse,1729786794554,3.0,0.0,,1,4,9,,,
81,5,2.0,view,1729786794561,3.0,0.0,,1,4,9,,,
82,5,,browse,1729787048015,,0.0,,1,4,9,,,
83,5,,browse,1729787070125,,0.0,,1,4,9,,,
84,5,2.0,browse,1729787071605,3.0,1.0,,1,4,9,,,
85,5,2.0,view,1729787071611,3.0,1.0,,1,4,9,,,
86,5,,browse,1729787940198,,0.0,,1,4,9,phone,,
87,5,,browse,1729787976074,,35.0,,1,4,9,,,
88,5,,browse,1729787991832,,1.0,,1,4,9,,,
89,5,,browse,1729788011450,,0.0,,1,4,9,,,
90,5,,browse,1729788021789,,4.0,2,1,4,9,,,
91,5,,browse,1729788024364,,2.0,4,1,4,9,,,
92,5,,browse,1729788029013,,4.0,,1,4,9,,,100.0
93,5,,browse,1729788032458,,3.0,,1,4,9,,,
94,5,,browse,1729788034371,,1.0,,1,4,9,,,
95,5,,browse,1729788096077,,0.0,,1,4,9,,,
96,5,3.0,browse,1729788100669,1.0,4.0,,1,4,9,,,
97,5,3.0,view,1729788100675,1.0,4.0,,1,4,9,,,
98,5,3.0,browse,1729788105377,1.0,9.0,,1,4,9,,,
99,5,3.0,view,1729788105384,1.0,9.0,,1,4,9,,,
100,5,3.0,browse,1729788109403,1.0,13.0,,1,4,9,,,
101,5,3.0,view,1729788109408,1.0,13.0,,1,4,9,,,
102,5,,browse,1729790643437,,3.0,,1,4,9,,,
103,5,,browse,1729790670995,,2.0,,1,4,9,,,
104,5,,browse,1729790673813,,2.0,,1,4,9,,,
105,5,,browse,1729790748639,,1.0,,1,4,9,,,
106,5,2.0,browse,1729790751030,3.0,2.0,,1,4,9,,,
107,5,2.0,view,1729790751034,3.0,2.0,,1,4,9,,,
108,5,2.0,browse,1729790752868,3.0,4.0,,1,4,9,,,
109,5,2.0,view,1729790752874,3.0,4.0,,1,4,9,,,
110,5,,browse,1729790792435,,0.0,,1,4,9,,,
111,5,3.0,browse,1729790801598,1.0,4.0,,1,4,9,,,
112,5,3.0,view,1729790801604,1.0,4.0,,1,4,9,,,
113,5,,browse,1729791297821,,0.0,,1,4,9,,,
114,5,2.0,view,1729791304987,3.0,7.0,,1,4,9,,,
115,5,2.0,view,1729791306601,3.0,1.0,,1,4,9,,,
116,5,,browse,1729791424015,,2.0,,1,4,9,,,
117,5,,browse,1729791435513,,0.0,,1,4,9,,,
118,5,,browse,1729791456268,,4.0,,1,4,9,,,
119,5,,browse,1729791475402,,0.0,,1,4,9,,,
120,5,4.0,view,1729791479732,3.0,4.0,,1,4,9,,,
121,5,4.0,view,1729791481188,3.0,5.0,,1,4,9,,,
122,5,4.0,view,1729791484743,3.0,9.0,,1,4,9,,,
123,5,4.0,view,1729791486872,3.0,11.0,,1,4,9,,,
124,5,,browse,1729791503526,,14.0,,1,4,9,,20.0,50.0
125,5,,browse,1729791514405,,10.0,,1,4,9,,20.0,50.0
126,5,,browse,1729791517523,,3.0,,1,4,9,,,
127,3,,search,1729791716149,,0.0,,3,4,6,tree,,
128,3,,browse,1729791721402,,5.0,,3,4,6,,,
129,3,,browse,1729791742614,,3.0,,3,4,6,,,
130,3,,browse,1729791743852,,1.0,,3,4,6,,,
131,3,,browse,1729791864929,,1.0,,3,4,6,,,
132,3,2.0,view,1729791868356,3.0,3.0,,3,4,6,,,
133,3,2.0,view,1729791874240,3.0,9.0,,3,4,6,,,
134,3,2.0,view,1729791875579,3.0,10.0,,3,4,6,,,
135,3,,browse,1729791879926,,0.0,,3,4,6,,,
136,3,4.0,view,1729791882237,3.0,2.0,,3,4,6,,,
137,3,4.0,view,1729791883867,3.0,3.0,,3,4,6,,,
138,3,,browse,1729791895134,,1.0,,3,4,6,,,
139,3,,browse,1729791896944,,1.0,,3,4,6,,,
140,3,9.0,view,1729791898417,3.0,1.0,,3,4,6,,,
141,3,9.0,view,1729791904476,3.0,7.0,,3,4,6,,,
142,3,,browse,1729792183217,,1.0,,3,4,6,,,
143,3,3.0,view,1729792185809,1.0,2.0,,3,4,6,,,
144,3,3.0,view,1729792187423,1.0,4.0,,3,4,6,,,
145,3,3.0,view,1729792195515,1.0,7.0,,3,4,6,,,
146,3,3.0,view,1729792201804,1.0,13.0,,3,4,6,,,
147,3,3.0,view,1729792204852,1.0,16.0,,3,4,6,,,
148,5,,browse,1729792774974,,0.0,,1,4,9,,,
149,5,3.0,view,1729792776294,1.0,1.0,,1,4,9,,,
150,5,3.0,add_to_cart,1729792776294,1.0,1.0,,1,4,9,,,
151,3,,browse,1729793072189,,2.0,,3,4,6,,,
152,3,,browse,1729793073499,,1.0,,3,4,6,,,
153,3,10.0,add_to_cart,1729793075619,6.0,2.0,,3,4,6,,,
154,3,10.0,view,1729793075619,6.0,2.0,,3,4,6,,,
155,3,,browse,1729793218277,,1.0,,3,4,6,,,
156,3,4.0,view,1729793219819,3.0,1.0,,3,4,6,,,
157,3,4.0,add_to_cart,1729793220438,3.0,2.0,,3,4,6,,,
158,5,,browse,1729794478906,,0.0,,1,4,9,,,
159,5,3.0,add_to_cart,1729794480043,1.0,,,1,4,9,,,
160,5,3.0,view,1729794482770,1.0,2.0,,1,4,9,,,
161,5,3.0,remove_from_cart,1729795630870,1.0,,,1,4,9,,,
162,5,7.0,remove_from_cart,1729795649889,7.0,,,1,4,9,,,
163,5,,browse,1729795767222,,0.0,,1,4,9,,,
164,5,2.0,view,1729795769333,3.0,2.0,,1,4,9,,,
165,5,2.0,view,1729795771467,3.0,4.0,,1,4,9,,,
166,3,,browse,1729795966086,,1.0,,3,4,6,,,
167,3,3.0,add_to_favorite,1729795967705,1.0,,,3,4,6,,,
168,3,3.0,remove_from_favorite,1729795970668,1.0,,,3,4,6,,,
169,3,13.0,remove_from_favorite,1729796132060,3.0,,,3,4,6,,,
170,3,,browse,1729796134215,,0.0,,3,4,6,,,
171,3,2.0,add_to_cart,1729796137234,3.0,,,3,4,6,,,
172,3,2.0,remove_from_cart,1729796139952,3.0,,,3,4,6,,,
173,3,,browse,1729796146211,,4.0,,3,4,6,,,20.0
174,3,,browse,1729796149600,,3.0,,3,4,6,,,
175,3,,search,1729826068579,,0.0,,3,4,6,chain,,
176,3,,browse,1729826072189,,3.0,,3,4,6,,,
177,3,,browse,1729826075852,,3.0,,3,4,6,,,
178,3,3.0,add_to_cart,1729826078009,1.0,,,3,4,6,,,
179,3,,browse,1729826085855,,2.0,,3,4,6,,,
180,3,,browse,1729826092626,,6.0,,3,4,6,,,
181,3,11.0,view,1729826094432,8.0,1.0,,3,4,6,,,
182,3,11.0,add_to_favorite,1729826095934,8.0,,,3,4,6,,,
